0.568235
0.627628
0.627628
0.654321
0.654988
0.654988
0.656323
0.658992
0.658992
0.65966
0.661662
0.662329
0.662996
0.663664
0.663664
0.664331
0.664998
0.666333
0.667
0.668335
0.670337
0.671004
0.671004
0.672339
0.672339
0.672339
0.672339
0.673006
0.673674
0.674341
0.675676
0.67701
0.677678
0.680347
0.680347
0.681014
0.681014
0.681682
0.682349
0.682349
0.683016
0.683684
0.683684
0.683684
0.684351
0.685686
0.68702
0.68702
0.68702
0.687688
0.687688
0.687688
0.688355
0.688355
0.689022
0.689022
0.689022
0.690357
0.691024
0.691692
0.692359
0.692359
0.693026
0.693694
0.694361
0.694361
0.695028
0.695696
0.695696
0.695696
0.696363
0.696363
0.696363
0.69703
0.697698
0.698365
0.698365
0.699032
0.699032
0.699032
0.699032
0.6997
0.6997
0.6997
0.701034
0.701034
0.701702
0.703036
0.703036
0.703704
0.704371
0.704371
0.705038
0.705038
0.705706
0.705706
0.705706
0.706373
0.706373
0.70704
0.70704
0.70704
0.70704
0.70704
0.707708
0.707708
0.708375
0.709042
0.709042
0.709042
0.709042
0.70971
0.70971
0.70971
0.710377
0.710377
0.711044
0.711712
0.711712
0.711712
0.712379
0.713714
0.713714
0.714381
0.715048
0.715048
0.715048
0.715048
0.715048
0.715716
0.715716
0.715716
0.716383
0.716383
0.717718
0.717718
0.717718
0.717718
0.718385
0.718385
0.719052
0.719052
0.719052
0.71972
0.71972
0.71972
0.71972
0.720387
0.720387
0.720387
0.720387
0.721054
0.721722
0.721722
0.721722
0.721722
0.722389
0.722389
0.722389
0.722389
0.722389
0.722389
0.723056
0.723056
0.723056
0.723724
0.723724
0.725058
0.725058
0.725058
0.725726
0.725726
0.725726
0.725726
0.725726
0.725726
0.726393
0.726393
0.726393
0.72706
0.72706
0.72706
0.72706
0.72706
0.727728
0.727728
0.727728
0.727728
0.728395
0.728395
0.728395
0.728395
0.728395
0.729062
0.729062
0.729062
0.72973
0.72973
0.72973
0.730397
0.730397
0.731064
0.731064
0.731732
0.731732
0.732399
0.732399
0.733066
0.733734
0.733734
0.734401
0.734401
0.734401
0.735068
0.735068
0.735068
0.735068
0.735068
0.735736
0.735736
0.735736
0.735736
0.735736
0.735736
0.735736
0.735736
0.736403
0.736403
0.736403
0.736403
0.73707
0.73707
0.737738
0.737738
0.737738
0.737738
0.738405
0.738405
0.738405
0.738405
0.739072
0.739072
0.739072
0.739072
0.739072
0.739072
0.739072
0.73974
0.740407
0.740407
0.740407
0.740407
0.740407
0.740407
0.740407
0.740407
0.740407
0.741074
0.741074
0.741074
0.741074
0.741742
0.741742
0.741742
0.741742
0.741742
0.741742
0.742409
0.742409
0.742409
0.742409
0.742409
0.742409
0.743076
0.743076
0.743076
0.743076
0.743076
0.743076
0.743076
0.743744
0.743744
0.743744
0.743744
0.743744
0.744411
0.744411
0.744411
0.744411
0.745078
0.745078
0.745746
0.745746
0.745746
0.745746
0.745746
0.745746
0.745746
0.746413
0.746413
0.746413
0.74708
0.74708
0.747748
0.747748
0.747748
0.747748
0.749082
0.749082
0.749082
0.74975
0.750417
0.750417
0.750417
0.750417
0.750417
0.750417
0.751084
0.751084
0.751084
0.751084
0.751084
0.751752
0.751752
0.751752
0.751752
0.751752
0.751752
0.751752
0.752419
0.752419
0.752419
0.752419
0.753086
0.753086
0.753086
0.753086
0.753086
0.753754
0.753754
0.753754
0.753754
0.753754
0.754421
0.754421
0.754421
0.754421
0.754421
0.754421
0.755088
0.755088
0.755088
0.755088
0.755088
0.755756
0.755756
0.755756
0.755756
0.756423
0.756423
0.756423
0.756423
0.756423
0.756423
0.756423
0.75709
0.75709
0.75709
0.75709
0.75709
0.75709
0.757758
0.757758
0.757758
0.757758
0.757758
0.757758
0.757758
0.757758
0.757758
0.758425
0.758425
0.758425
0.758425
0.758425
0.758425
0.758425
0.759092
0.759092
0.759092
0.759092
0.759092
0.759092
0.75976
0.75976
0.75976
0.760427
0.760427
0.760427
0.760427
0.760427
0.760427
0.761094
0.761094
0.761094
0.761094
0.761094
0.761094
0.761094
0.761762
0.762429
0.762429
0.762429
0.762429
0.763096
0.763096
0.763096
0.763096
0.763096
0.763096
0.763096
0.763096
0.763764
0.763764
0.764431
0.764431
0.764431
0.764431
0.764431
0.765098
0.765098
0.765098
0.765098
0.765098
0.765098
0.765098
0.765766
0.765766
0.765766
0.765766
0.766433
0.766433
0.7671
0.7671
0.7671
0.767768
0.767768
0.767768
0.767768
0.768435
0.768435
0.769102
0.769102
0.769102
0.769102
0.76977
0.76977
0.76977
0.76977
0.76977
0.76977
0.770437
0.770437
0.770437
0.770437
0.770437
0.771104
0.771104
0.771104
0.771104
0.771104
0.771104
0.771104
0.771772
0.771772
0.771772
0.771772
0.771772
0.771772
0.771772
0.771772
0.772439
0.772439
0.772439
0.772439
0.772439
0.772439
0.773106
0.773106
0.773106
0.773106
0.773106
0.773106
0.773774
0.773774
0.773774
0.773774
0.773774
0.774441
0.774441
0.774441
0.774441
0.775108
0.775108
0.775108
0.775108
0.775108
0.775108
0.775108
0.775776
0.775776
0.775776
0.775776
0.775776
0.775776
0.776443
0.77711
0.77711
0.77711
0.77711
0.777778
0.777778
0.777778
0.777778
0.777778
0.777778
0.777778
0.778445
0.778445
0.778445
0.778445
0.778445
0.778445
0.778445
0.778445
0.778445
0.778445
0.779112
0.779112
0.779112
0.779112
0.77978
0.77978
0.77978
0.77978
0.77978
0.77978
0.780447
0.780447
0.780447
0.780447
0.780447
0.780447
0.781114
0.781114
0.781782
0.781782
0.781782
0.782449
0.782449
0.782449
0.783116
0.783116
0.783116
0.783116
0.783116
0.783116
0.783116
0.783784
0.783784
0.783784
0.783784
0.783784
0.784451
0.785118
0.785118
0.785786
0.785786
0.785786
0.785786
0.785786
0.785786
0.786453
0.78712
0.78712
0.78712
0.787788
0.787788
0.787788
0.787788
0.787788
0.788455
0.788455
0.788455
0.788455
0.788455
0.789122
0.789122
0.789122
0.78979
0.78979
0.78979
0.78979
0.78979
0.78979
0.790457
0.790457
0.790457
0.790457
0.790457
0.790457
0.790457
0.791124
0.791124
0.791124
0.791124
0.791124
0.791124
0.791124
0.791124
0.791792
0.791792
0.791792
0.791792
0.792459
0.792459
0.792459
0.792459
0.792459
0.793126
0.793126
0.793126
0.793126
0.793126
0.793126
0.793126
0.793126
0.793126
0.793794
0.793794
0.793794
0.793794
0.794461
0.794461
0.794461
0.794461
0.794461
0.794461
0.795128
0.795128
0.795796
0.795796
0.795796
0.795796
0.795796
0.795796
0.795796
0.795796
0.795796
0.795796
0.796463
0.796463
0.796463
0.796463
0.79713
0.79713
0.79713
0.797798
0.797798
0.797798
0.797798
0.798465
0.798465
0.798465
0.798465
0.799132
0.7998
0.7998
0.7998
0.7998
0.7998
0.7998
0.7998
0.7998
0.800467
0.800467
0.800467
0.800467
0.800467
0.801134
0.801134
0.801134
0.801134
0.801134
0.801134
0.801802
0.801802
0.801802
0.801802
0.801802
0.802469
0.802469
0.802469
0.802469
0.802469
0.802469
0.802469
0.802469
0.802469
0.803136
0.803136
0.803136
0.803136
0.803136
0.803804
0.803804
0.803804
0.803804
0.803804
0.804471
0.804471
0.804471
0.805138
0.805138
0.805138
0.805806
0.805806
0.805806
0.806473
0.806473
0.806473
0.806473
0.806473
0.806473
0.806473
0.80714
0.80714
0.80714
0.80714
0.80714
0.80714
0.80714
0.807808
0.807808
0.807808
0.807808
0.807808
0.807808
0.807808
0.807808
0.808475
0.808475
0.808475
0.808475
0.809142
0.809142
0.809142
0.809142
0.80981
0.80981
0.80981
0.810477
0.810477
0.810477
0.810477
0.810477
0.811144
0.811144
0.811144
0.811812
0.811812
0.811812
0.812479
0.812479
0.812479
0.812479
0.812479
0.813146
0.813146
0.813146
0.813814
0.813814
0.814481
0.814481
0.815148
0.815148
0.815148
0.815148
0.815148
0.815148
0.815148
0.815148
0.815816
0.815816
0.815816
0.816483
0.816483
0.816483
0.816483
0.816483
0.816483
0.81715
0.81715
0.81715
0.817818
0.817818
0.817818
0.818485
0.818485
0.818485
0.818485
0.818485
0.818485
0.818485
0.818485
0.819152
0.819152
0.819152
0.819152
0.819152
0.819152
0.81982
0.81982
0.81982
0.81982
0.81982
0.820487
0.820487
0.820487
0.820487
0.820487
0.820487
0.821154
0.821154
0.821154
0.821154
0.821154
0.821154
0.821822
0.821822
0.821822
0.821822
0.822489
0.822489
0.822489
0.822489
0.822489
0.822489
0.823156
0.823156
0.823156
0.823156
0.823156
0.823156
0.823156
0.823156
0.823824
0.823824
0.823824
0.823824
0.823824
0.823824
0.824491
0.824491
0.824491
0.824491
0.825158
0.825158
0.825158
0.825158
0.825158
0.825158
0.825158
0.825158
0.825826
0.825826
0.825826
0.825826
0.826493
0.826493
0.826493
0.826493
0.826493
0.826493
0.826493
0.826493
0.826493
0.82716
0.82716
0.82716
0.82716
0.82716
0.82716
0.827828
0.828495
0.828495
0.829162
0.829162
0.829162
0.829162
0.829162
0.82983
0.82983
0.82983
0.82983
0.82983
0.82983
0.830497
0.830497
0.831164
0.831164
0.831164
0.831832
0.831832
0.831832
0.832499
0.832499
0.832499
0.832499
0.833166
0.833166
0.833166
0.833834
0.833834
0.833834
0.834501
0.834501
0.834501
0.834501
0.834501
0.835169
0.835169
0.835169
0.835169
0.835169
0.835169
0.836503
0.837171
0.837171
0.837171
0.837171
0.837171
0.837838
0.837838
0.838505
0.838505
0.838505
0.838505
0.839173
0.83984
0.83984
0.83984
0.83984
0.83984
0.83984
0.83984
0.83984
0.840507
0.840507
0.840507
0.840507
0.841175
0.841175
0.841175
0.841842
0.841842
0.842509
0.842509
0.842509
0.842509
0.843177
0.843177
0.843177
0.843844
0.843844
0.843844
0.843844
0.843844
0.844511
0.845179
0.845179
0.845179
0.845179
0.845179
0.845179
0.845179
0.845179
0.845179
0.845179
0.845846
0.845846
0.845846
0.845846
0.846513
0.846513
0.846513
0.846513
0.846513
0.846513
0.846513
0.846513
0.846513
0.846513
0.847181
0.847181
0.847181
0.847181
0.847181
0.847848
0.847848
0.847848
0.847848
0.847848
0.848515
0.848515
0.848515
0.848515
0.848515
0.848515
0.848515
0.849183
0.849183
0.849183
0.849183
0.849183
0.849183
0.849183
0.849183
0.84985
0.84985
0.84985
0.84985
0.850517
0.850517
0.851185
0.851185
0.851185
0.851185
0.851852
0.851852
0.851852
0.851852
0.851852
0.851852
0.852519
0.852519
0.852519
0.852519
0.852519
0.853187
0.853187
0.853187
0.853187
0.853854
0.853854
0.853854
0.854521
0.854521
0.855189
0.855189
0.855189
0.855856
0.855856
0.855856
0.855856
0.855856
0.856523
0.856523
0.856523
0.857191
0.857191
0.857191
0.857191
0.857858
0.857858
0.857858
0.858525
0.858525
0.858525
0.858525
0.858525
0.858525
0.858525
0.858525
0.859193
0.859193
0.859193
0.859193
0.85986
0.85986
0.85986
0.860527
0.860527
0.860527
0.860527
0.860527
0.860527
0.860527
0.860527
0.860527
0.861195
0.861195
0.861195
0.861195
0.861195
0.861862
0.861862
0.861862
0.861862
0.861862
0.861862
0.861862
0.862529
0.862529
0.862529
0.862529
0.863197
0.863864
0.863864
0.863864
0.863864
0.864531
0.864531
0.864531
0.864531
0.864531
0.865199
0.865199
0.865866
0.866533
0.866533
0.866533
0.866533
0.867201
0.867201
0.867201
0.867201
0.867868
0.867868
0.869203
0.869203
0.86987
0.86987
0.86987
0.86987
0.870537
0.870537
0.870537
0.871205
0.871872
0.872539
0.873207
0.873207
0.873207
0.873874
0.873874
0.873874
0.874541
0.874541
0.874541
0.875209
0.875209
0.875209
0.875209
0.875876
0.877211
0.877211
0.877211
0.877211
0.877211
0.877878
0.878545
0.878545
0.878545
0.878545
0.879213
0.87988
0.87988
0.87988
0.87988
0.87988
0.87988
0.880547
0.880547
0.881215
0.881215
0.881215
0.881882
0.881882
0.881882
0.881882
0.881882
0.882549
0.882549
0.883217
0.883217
0.884551
0.885219
0.885219
0.885219
0.885219
0.885219
0.885886
0.885886
0.886553
0.886553
0.887221
0.887888
0.887888
0.888555
0.888555
0.889223
0.889223
0.889223
0.889223
0.88989
0.890557
0.890557
0.890557
0.890557
0.890557
0.891225
0.891892
0.891892
0.892559
0.893227
0.893227
0.893894
0.893894
0.893894
0.894561
0.895229
0.895229
0.895229
0.895229
0.895896
0.896563
0.896563
0.896563
0.896563
0.896563
0.897231
0.897898
0.898565
0.898565
0.898565
0.8999
0.8999
0.8999
0.900567
0.900567
0.900567
0.900567
0.900567
0.900567
0.900567
0.901235
0.901235
0.901902
0.901902
0.901902
0.901902
0.901902
0.901902
0.902569
0.902569
0.902569
0.903237
0.903237
0.903237
0.903237
0.903904
0.903904
0.904571
0.905239
0.905239
0.905239
0.906573
0.906573
0.906573
0.907241
0.907908
0.908575
0.909243
0.909243
0.909243
0.909243
0.90991
0.90991
0.90991
0.910577
0.910577
0.910577
0.912579
0.913247
0.913247
0.913914
0.913914
0.913914
0.914581
0.914581
0.914581
0.914581
0.915249
0.915249
0.915249
0.915249
0.915916
0.915916
0.915916
0.915916
0.917251
0.917251
0.917251
0.917251
0.917251
0.917918
0.917918
0.917918
0.917918
0.917918
0.918585
0.918585
0.919253
0.919253
0.91992
0.91992
0.91992
0.920587
0.920587
0.921255
0.921922
0.921922
0.923257
0.923257
0.923924
0.923924
0.924591
0.924591
0.924591
0.925259
0.925926
0.925926
0.925926
0.926593
0.926593
0.927928
0.927928
0.927928
0.928595
0.929263
0.929263
0.929263
0.92993
0.92993
0.930597
0.930597
0.930597
0.930597
0.930597
0.931265
0.931265
0.931932
0.931932
0.931932
0.931932
0.932599
0.932599
0.933267
0.933267
0.933934
0.933934
0.933934
0.933934
0.934601
0.935936
0.935936
0.935936
0.935936
0.936603
0.936603
0.937271
0.937271
0.937938
0.938605
0.939273
0.93994
0.93994
0.940607
0.940607
0.940607
0.941275
0.942609
0.942609
0.943944
0.944611
0.945279
0.945279
0.945279
0.945946
0.945946
0.947281
0.947281
0.947948
0.947948
0.948615
0.949283
0.949283
0.94995
0.951285
0.951952
0.952619
0.952619
0.952619
0.953287
0.953287
0.953954
0.953954
0.954621
0.954621
0.955289
0.955956
0.955956
0.956623
0.956623
0.957958
0.960627
0.961295
0.961295
0.961962
0.961962
0.962629
0.963297
0.963297
0.963297
0.964631
0.965299
0.965299
0.965299
0.965299
0.965966
0.965966
0.966633
0.967968
0.967968
0.969303
0.96997
0.970637
0.971305
0.971972
0.971972
0.971972
0.972639
0.975309
0.975976
0.975976
0.977311
0.979313
0.97998
0.97998
0.980647
0.981315
0.981315
0.981982
0.983317
0.983317
0.984651
0.985319
0.985986
0.985986
0.986653
0.987321
0.987988
0.987988
0.988655
0.98999
0.990657
0.991325
0.991325
0.991992
0.992659
0.993327
0.995329
0.995996
0.996663
0.997331
0.997331
0.997331
0.997331
0.997998
0.998665
0.999333
1
1.00133
1.00133
1.00133
1.002
1.004
1.00534
1.00601
1.00667
1.00667
1.00734
1.00734
1.00734
1.00801
1.00868
1.01134
1.01201
1.01268
1.01268
1.01335
1.01468
1.01468
1.01468
1.01468
1.01468
1.01535
1.01602
1.01668
1.01668
1.01735
1.01802
1.02002
1.02069
1.02135
1.02135
1.02402
1.02402
1.02603
1.02603
1.02669
1.02736
1.02736
1.02736
1.02736
1.02936
1.02936
1.02936
1.03136
1.03203
1.03337
1.03337
1.03403
1.03403
1.03537
1.03604
1.03604
1.0367
1.03737
1.03871
1.03871
1.03871
1.04004
1.04004
1.04137
1.04137
1.04204
1.04271
1.04271
1.04338
1.04471
1.04471
1.04538
1.04605
1.04605
1.04671
1.04872
1.05005
1.05005
1.05005
1.05072
1.05205
1.05606
1.05939
1.06139
1.06206
1.06206
1.06273
1.06406
1.06673
1.06874
1.06874
1.07074
1.07074
1.07074
1.07207
1.07341
1.07474
1.07541
1.07674
1.07674
1.07808
1.08141
1.08208
1.08408
1.08542
1.08742
1.09076
1.09076
1.09142
1.09142
1.09209
1.09209
1.09343
1.09409
1.09476
1.09476
1.0981
1.09943
1.1001
1.1001
1.10077
1.10077
1.1041
1.1041
1.10477
1.10677
1.10944
1.10944
1.11211
1.11345
1.11411
1.11478
1.11612
1.11612
1.11745
1.11945
1.12012
1.12079
1.12145
1.12212
1.12479
1.12479
1.12479
1.12546
1.12613
1.12746
1.12813
1.12813
1.1288
1.1288
1.12946
1.13347
1.13614
1.13614
1.1368
1.14081
1.14214
1.14481
1.14481
1.14548
1.14615
1.14948
1.15082
1.15082
1.15282
1.16149
1.1635
1.1655
1.16617
1.16617
1.1675
1.16884
1.1695
1.1715
1.17551
1.18085
1.18285
1.18485
1.18552
1.18685
1.18685
1.19086
1.19152
1.19152
1.19152
1.19219
1.19353
1.19353
1.19353
1.19486
1.19686
1.19686
1.19953
1.20087
1.20087
1.20087
1.20354
1.2042
1.20487
1.20888
1.20954
1.21088
1.21154
1.21221
1.21421
1.21488
1.21555
1.21622
1.21755
1.21889
1.22289
1.22623
1.22756
1.22956
1.23156
1.2329
1.23891
1.23891
1.24024
1.24291
1.24424
1.24491
1.24558
1.24558
1.25292
1.25692
1.26226
1.26693
1.2716
1.27227
1.27361
1.27361
1.27427
1.28095
1.28295
1.28829
1.29029
1.29763
1.30564
1.30964
1.31431
1.31498
1.31632
1.31965
1.32099
1.32366
1.32432
1.32432
1.329
1.33166
1.33433
1.33567
1.34034
1.34101
1.34368
1.34835
1.34902
1.35035
1.35569
1.36103
1.36236
1.3657
1.37371
1.37571
1.37971
1.38305
1.38572
1.38839
1.39173
1.39506
1.3964
1.40507
1.40574
1.41842
1.4331
1.4331
1.43443
1.44044
1.44044
1.44111
1.44244
1.44978
1.45312
1.45712
1.4618
1.46246
1.46914
1.47181
1.48916
1.48916
1.49183
1.49316
1.49383
1.50384
1.50984
1.51185
1.51985
1.52319
1.52386
1.52786
1.53253
1.53387
1.5352
1.53854
1.54655
1.55055
1.55589
1.55789
1.56523
1.57057
1.57191
1.57257
1.57524
1.58058
1.58192
1.58659
1.58926
1.59126
1.59193
1.59393
1.60127
1.6046
1.60661
1.60928
1.60994
1.61395
1.61929
1.62129
1.63597
1.64064
1.64198
1.64264
1.64464
1.65332
1.65532
1.65732
1.65866
1.65866
1.66333
1.66333
1.66867
1.67067
1.67267
1.67467
1.67601
1.69136
1.69203
1.70003
1.71004
1.71471
1.71538
1.72272
1.73473
1.7374
1.74408
1.74541
1.74541
1.74608
1.76143
1.7641
1.77077
1.77277
1.77611
1.77744
1.78412
1.78612
1.80347
1.81081
1.81615
1.82015
1.83817
1.84084
1.84284
1.84685
1.84751
1.86019
1.86553
1.8662
1.87087
1.87354
1.88755
1.89022
1.90424
1.92759
1.92826
1.93093
1.9316
1.9376
1.94094
1.94494
1.94494
1.95562
1.95629
1.96563
1.96763
1.96964
1.97164
1.97965
1.98031
1.98031
2.00167
2.00367
2.00701
2.01235
2.01702
2.02102
2.02503
2.02503
2.03237
2.0337
2.03437
2.0377
2.04104
2.05105
2.05839
2.07574
2.07841
2.08175
2.08575
2.0991
2.10177
2.10844
2.11245
2.11245
2.11445
2.11778
2.12112
2.13046
2.15249
2.15582
2.17518
2.17518
2.17718
2.18118
2.2032
2.21255
2.22122
2.22456
2.22723
2.22789
2.23991
2.25325
2.25659
2.26727
2.27194
2.28195
2.28262
2.28662
2.29196
2.29396
2.31465
2.31932
2.33534
2.33667
2.35736
2.36136
2.36537
2.38071
2.38405
2.42676
2.45546
2.47481
2.47681
2.5015
2.51685
2.5342
2.54555
2.54688
2.61094
2.61562
2.6383
2.64097
2.64831
2.667
2.68101
2.6977
2.70704
2.72306
2.73106
2.74174
2.74975
2.75042
2.75442
2.77311
2.78445
2.78712
2.8038
2.82382
2.83517
2.84184
2.85319
2.8632
2.87921
2.93594
2.96263
3.00667
3.04271
3.05072
3.07207
3.15415
3.16083
3.24958
3.31431
3.32165
3.32566
3.44578
3.47247
4.26393
