0.825826
0.831164
0.837838
0.840507
0.843177
0.843177
0.844511
0.844511
0.846513
0.847181
0.847181
0.850517
0.851852
0.852519
0.853187
0.853854
0.853854
0.855189
0.856523
0.856523
0.860527
0.861195
0.862529
0.863864
0.863864
0.864531
0.866533
0.866533
0.867201
0.867201
0.869203
0.86987
0.871205
0.871205
0.871205
0.871205
0.871872
0.872539
0.873874
0.874541
0.875209
0.875209
0.875876
0.875876
0.875876
0.877211
0.877878
0.879213
0.879213
0.87988
0.880547
0.881215
0.881215
0.881882
0.881882
0.881882
0.882549
0.883217
0.883217
0.883217
0.883884
0.885219
0.885219
0.885886
0.885886
0.885886
0.887221
0.887221
0.888555
0.888555
0.888555
0.889223
0.88989
0.890557
0.891225
0.891225
0.891225
0.891225
0.892559
0.892559
0.892559
0.893227
0.893227
0.893894
0.895229
0.895229
0.895896
0.895896
0.895896
0.895896
0.896563
0.896563
0.897231
0.897898
0.897898
0.897898
0.897898
0.898565
0.898565
0.8999
0.8999
0.900567
0.901235
0.901235
0.901902
0.902569
0.902569
0.902569
0.902569
0.903237
0.903237
0.903237
0.903237
0.903904
0.903904
0.903904
0.904571
0.904571
0.904571
0.905239
0.905239
0.905239
0.905906
0.906573
0.906573
0.906573
0.906573
0.907241
0.907241
0.907241
0.907241
0.907241
0.907908
0.907908
0.907908
0.907908
0.908575
0.908575
0.909243
0.909243
0.90991
0.90991
0.90991
0.910577
0.910577
0.910577
0.910577
0.911245
0.911245
0.911245
0.911912
0.911912
0.911912
0.912579
0.912579
0.912579
0.913247
0.913247
0.913247
0.913247
0.914581
0.914581
0.914581
0.915249
0.915249
0.915249
0.915249
0.915916
0.915916
0.916583
0.916583
0.916583
0.916583
0.917251
0.917251
0.917251
0.917918
0.917918
0.917918
0.917918
0.918585
0.918585
0.918585
0.918585
0.919253
0.91992
0.91992
0.91992
0.91992
0.920587
0.920587
0.920587
0.921255
0.921255
0.921255
0.921255
0.921922
0.921922
0.921922
0.921922
0.921922
0.921922
0.921922
0.922589
0.922589
0.922589
0.922589
0.922589
0.923257
0.923257
0.923257
0.923257
0.923924
0.923924
0.923924
0.923924
0.923924
0.923924
0.924591
0.924591
0.925259
0.925259
0.925259
0.925259
0.925259
0.925259
0.925926
0.925926
0.925926
0.925926
0.926593
0.926593
0.926593
0.926593
0.927261
0.927261
0.927261
0.927928
0.927928
0.927928
0.927928
0.927928
0.927928
0.927928
0.927928
0.928595
0.928595
0.928595
0.928595
0.928595
0.929263
0.929263
0.929263
0.929263
0.929263
0.92993
0.92993
0.92993
0.92993
0.92993
0.92993
0.92993
0.92993
0.92993
0.92993
0.930597
0.930597
0.930597
0.930597
0.931265
0.931265
0.931265
0.931265
0.931932
0.931932
0.931932
0.931932
0.931932
0.931932
0.931932
0.931932
0.931932
0.932599
0.932599
0.932599
0.932599
0.933267
0.933267
0.933267
0.933267
0.933267
0.933267
0.933267
0.933267
0.933934
0.933934
0.933934
0.933934
0.933934
0.933934
0.934601
0.934601
0.934601
0.934601
0.935269
0.935269
0.935269
0.935269
0.935269
0.935269
0.935936
0.935936
0.935936
0.935936
0.935936
0.935936
0.935936
0.935936
0.935936
0.936603
0.936603
0.936603
0.936603
0.936603
0.936603
0.936603
0.937271
0.937271
0.937271
0.937271
0.937271
0.937271
0.937938
0.937938
0.937938
0.938605
0.938605
0.938605
0.938605
0.938605
0.939273
0.939273
0.939273
0.939273
0.939273
0.93994
0.93994
0.93994
0.93994
0.93994
0.93994
0.93994
0.93994
0.940607
0.940607
0.940607
0.940607
0.941275
0.941275
0.941275
0.941275
0.941275
0.941275
0.941275
0.941942
0.941942
0.941942
0.941942
0.941942
0.941942
0.941942
0.941942
0.941942
0.942609
0.942609
0.942609
0.942609
0.942609
0.943277
0.943277
0.943277
0.943277
0.943277
0.943277
0.943277
0.943277
0.943944
0.943944
0.943944
0.943944
0.943944
0.944611
0.944611
0.944611
0.944611
0.944611
0.944611
0.945279
0.945279
0.945279
0.945279
0.945279
0.945279
0.945279
0.945279
0.945946
0.945946
0.945946
0.945946
0.945946
0.945946
0.945946
0.945946
0.946613
0.946613
0.946613
0.946613
0.946613
0.946613
0.946613
0.946613
0.947281
0.947281
0.947281
0.947281
0.947281
0.947281
0.947948
0.947948
0.947948
0.947948
0.947948
0.947948
0.947948
0.948615
0.948615
0.948615
0.948615
0.949283
0.949283
0.949283
0.949283
0.949283
0.949283
0.949283
0.94995
0.94995
0.94995
0.94995
0.94995
0.94995
0.94995
0.950617
0.950617
0.950617
0.950617
0.950617
0.951285
0.951285
0.951285
0.951285
0.951952
0.951952
0.951952
0.951952
0.951952
0.952619
0.952619
0.952619
0.952619
0.953287
0.953287
0.953287
0.953287
0.953287
0.953287
0.953287
0.953954
0.953954
0.953954
0.953954
0.953954
0.953954
0.953954
0.954621
0.954621
0.954621
0.954621
0.954621
0.954621
0.954621
0.954621
0.954621
0.954621
0.955289
0.955289
0.955289
0.955289
0.955289
0.955289
0.955956
0.955956
0.955956
0.955956
0.956623
0.956623
0.956623
0.956623
0.956623
0.956623
0.956623
0.956623
0.957291
0.957291
0.957291
0.957291
0.957291
0.957958
0.957958
0.957958
0.957958
0.957958
0.957958
0.957958
0.957958
0.958625
0.958625
0.958625
0.958625
0.958625
0.958625
0.959293
0.959293
0.959293
0.959293
0.95996
0.95996
0.95996
0.95996
0.95996
0.95996
0.95996
0.95996
0.960627
0.960627
0.960627
0.960627
0.960627
0.960627
0.960627
0.960627
0.961295
0.961295
0.961295
0.961295
0.961295
0.961295
0.961295
0.961295
0.961295
0.961295
0.961962
0.961962
0.961962
0.961962
0.961962
0.961962
0.961962
0.961962
0.962629
0.962629
0.962629
0.962629
0.962629
0.962629
0.962629
0.962629
0.962629
0.962629
0.962629
0.963297
0.963297
0.963297
0.963297
0.963297
0.963964
0.963964
0.963964
0.963964
0.964631
0.964631
0.964631
0.964631
0.964631
0.964631
0.964631
0.965299
0.965299
0.965299
0.965299
0.965299
0.965299
0.965299
0.965299
0.965966
0.965966
0.965966
0.965966
0.965966
0.965966
0.965966
0.965966
0.965966
0.965966
0.966633
0.966633
0.966633
0.966633
0.966633
0.966633
0.966633
0.966633
0.967301
0.967301
0.967301
0.967301
0.967301
0.967301
0.967968
0.967968
0.967968
0.967968
0.967968
0.968635
0.968635
0.968635
0.968635
0.968635
0.968635
0.968635
0.968635
0.969303
0.969303
0.969303
0.969303
0.969303
0.969303
0.969303
0.969303
0.96997
0.96997
0.96997
0.970637
0.970637
0.970637
0.970637
0.970637
0.970637
0.970637
0.970637
0.970637
0.971305
0.971305
0.971305
0.971305
0.971305
0.971305
0.971305
0.971305
0.971972
0.971972
0.971972
0.971972
0.971972
0.971972
0.971972
0.971972
0.972639
0.972639
0.972639
0.972639
0.972639
0.972639
0.972639
0.972639
0.972639
0.972639
0.973307
0.973307
0.973307
0.973974
0.973974
0.973974
0.973974
0.973974
0.974641
0.974641
0.974641
0.974641
0.974641
0.974641
0.974641
0.974641
0.974641
0.975309
0.975309
0.975309
0.975309
0.975309
0.975309
0.975976
0.975976
0.975976
0.975976
0.975976
0.975976
0.976643
0.976643
0.976643
0.976643
0.976643
0.976643
0.976643
0.976643
0.976643
0.977311
0.977311
0.977311
0.977978
0.977978
0.977978
0.977978
0.977978
0.977978
0.977978
0.977978
0.977978
0.977978
0.978645
0.978645
0.978645
0.978645
0.978645
0.978645
0.979313
0.979313
0.979313
0.979313
0.979313
0.979313
0.979313
0.979313
0.979313
0.97998
0.97998
0.97998
0.97998
0.97998
0.97998
0.97998
0.980647
0.980647
0.980647
0.980647
0.981315
0.981315
0.981315
0.981315
0.981315
0.981315
0.981315
0.981982
0.981982
0.981982
0.981982
0.981982
0.981982
0.981982
0.981982
0.982649
0.982649
0.982649
0.982649
0.982649
0.982649
0.983317
0.983317
0.983317
0.983317
0.983317
0.983317
0.983317
0.983317
0.983317
0.983317
0.983984
0.983984
0.983984
0.983984
0.983984
0.983984
0.983984
0.984651
0.984651
0.984651
0.984651
0.984651
0.984651
0.985319
0.985319
0.985319
0.985319
0.985319
0.985319
0.985319
0.985986
0.985986
0.985986
0.985986
0.985986
0.985986
0.985986
0.985986
0.985986
0.985986
0.986653
0.986653
0.986653
0.986653
0.987321
0.987321
0.987321
0.987321
0.987321
0.987321
0.987321
0.987321
0.987988
0.987988
0.987988
0.987988
0.987988
0.987988
0.987988
0.988655
0.988655
0.988655
0.988655
0.988655
0.988655
0.988655
0.988655
0.988655
0.988655
0.988655
0.989323
0.989323
0.989323
0.989323
0.989323
0.989323
0.989323
0.989323
0.989323
0.989323
0.98999
0.98999
0.98999
0.98999
0.98999
0.98999
0.98999
0.990657
0.990657
0.990657
0.990657
0.990657
0.990657
0.990657
0.991325
0.991325
0.991325
0.991325
0.991325
0.991325
0.991325
0.991325
0.991325
0.991325
0.991325
0.991325
0.991992
0.991992
0.991992
0.991992
0.991992
0.991992
0.991992
0.991992
0.991992
0.991992
0.991992
0.992659
0.992659
0.992659
0.992659
0.992659
0.992659
0.993327
0.993327
0.993327
0.993327
0.993327
0.993327
0.993327
0.993327
0.993327
0.993327
0.993327
0.993327
0.993994
0.993994
0.993994
0.993994
0.993994
0.993994
0.993994
0.993994
0.994661
0.994661
0.994661
0.994661
0.994661
0.994661
0.994661
0.994661
0.994661
0.995329
0.995329
0.995329
0.995329
0.995329
0.995329
0.995329
0.995329
0.995329
0.995329
0.995329
0.995329
0.995996
0.995996
0.995996
0.995996
0.995996
0.995996
0.995996
0.995996
0.995996
0.995996
0.996663
0.996663
0.996663
0.996663
0.996663
0.996663
0.996663
0.996663
0.996663
0.996663
0.997331
0.997331
0.997331
0.997331
0.997331
0.997331
0.997998
0.997998
0.997998
0.997998
0.997998
0.997998
0.997998
0.997998
0.997998
0.998665
0.998665
0.998665
0.998665
0.998665
0.998665
0.998665
0.999333
0.999333
0.999333
0.999333
0.999333
0.999333
0.999333
1
1
1
1
1
1
1.00067
1.00067
1.00067
1.00067
1.00067
1.00067
1.00067
1.00067
1.00133
1.00133
1.00133
1.00133
1.00133
1.00133
1.00133
1.002
1.002
1.002
1.002
1.002
1.00267
1.00267
1.00267
1.00267
1.00267
1.00267
1.00267
1.00334
1.00334
1.00334
1.00334
1.00334
1.00334
1.00334
1.00334
1.00334
1.004
1.004
1.004
1.004
1.004
1.004
1.00467
1.00467
1.00467
1.00467
1.00467
1.00467
1.00467
1.00534
1.00534
1.00534
1.00534
1.00534
1.00534
1.00534
1.00601
1.00601
1.00601
1.00667
1.00667
1.00667
1.00667
1.00667
1.00667
1.00734
1.00734
1.00734
1.00734
1.00734
1.00734
1.00734
1.00801
1.00801
1.00801
1.00801
1.00801
1.00801
1.00868
1.00868
1.00868
1.00868
1.00868
1.00868
1.00868
1.00868
1.00868
1.00868
1.00868
1.00868
1.00868
1.00934
1.00934
1.00934
1.00934
1.00934
1.00934
1.00934
1.00934
1.00934
1.01001
1.01001
1.01001
1.01001
1.01001
1.01001
1.01001
1.01001
1.01001
1.01001
1.01001
1.01068
1.01068
1.01068
1.01068
1.01068
1.01068
1.01068
1.01068
1.01068
1.01068
1.01134
1.01134
1.01134
1.01134
1.01134
1.01134
1.01134
1.01134
1.01134
1.01134
1.01134
1.01201
1.01201
1.01201
1.01201
1.01201
1.01268
1.01268
1.01268
1.01268
1.01335
1.01335
1.01335
1.01335
1.01401
1.01401
1.01401
1.01401
1.01401
1.01401
1.01401
1.01401
1.01401
1.01401
1.01468
1.01468
1.01468
1.01468
1.01468
1.01468
1.01468
1.01468
1.01468
1.01468
1.01468
1.01468
1.01468
1.01468
1.01468
1.01468
1.01535
1.01535
1.01535
1.01535
1.01535
1.01535
1.01602
1.01602
1.01602
1.01602
1.01602
1.01602
1.01602
1.01602
1.01668
1.01668
1.01668
1.01668
1.01668
1.01668
1.01668
1.01668
1.01735
1.01735
1.01735
1.01735
1.01735
1.01802
1.01802
1.01802
1.01802
1.01802
1.01802
1.01802
1.01802
1.01802
1.01802
1.01802
1.01869
1.01869
1.01869
1.01869
1.01869
1.01869
1.01869
1.01869
1.01869
1.01869
1.01935
1.01935
1.01935
1.01935
1.01935
1.01935
1.01935
1.01935
1.01935
1.01935
1.01935
1.02002
1.02002
1.02002
1.02002
1.02069
1.02069
1.02069
1.02069
1.02069
1.02069
1.02135
1.02135
1.02135
1.02135
1.02135
1.02202
1.02202
1.02202
1.02202
1.02202
1.02202
1.02202
1.02202
1.02202
1.02202
1.02202
1.02202
1.02202
1.02202
1.02202
1.02202
1.02202
1.02202
1.02269
1.02269
1.02269
1.02269
1.02269
1.02336
1.02336
1.02336
1.02336
1.02336
1.02336
1.02402
1.02402
1.02402
1.02402
1.02402
1.02469
1.02469
1.02469
1.02469
1.02469
1.02469
1.02469
1.02469
1.02469
1.02469
1.02469
1.02469
1.02536
1.02536
1.02536
1.02536
1.02536
1.02536
1.02536
1.02536
1.02536
1.02536
1.02536
1.02603
1.02603
1.02603
1.02603
1.02603
1.02669
1.02669
1.02669
1.02669
1.02669
1.02669
1.02669
1.02736
1.02736
1.02736
1.02736
1.02736
1.02736
1.02736
1.02803
1.02803
1.02803
1.02803
1.02803
1.02803
1.02803
1.02803
1.02803
1.02803
1.02803
1.02803
1.0287
1.0287
1.0287
1.0287
1.0287
1.0287
1.0287
1.0287
1.0287
1.0287
1.0287
1.0287
1.0287
1.02936
1.02936
1.02936
1.02936
1.02936
1.02936
1.02936
1.03003
1.03003
1.03003
1.03003
1.03003
1.03003
1.03003
1.03003
1.0307
1.0307
1.0307
1.0307
1.0307
1.0307
1.0307
1.0307
1.03136
1.03136
1.03136
1.03136
1.03136
1.03136
1.03203
1.03203
1.03203
1.03203
1.03203
1.0327
1.0327
1.0327
1.0327
1.0327
1.0327
1.0327
1.0327
1.0327
1.0327
1.0327
1.0327
1.0327
1.0327
1.03337
1.03337
1.03337
1.03337
1.03337
1.03337
1.03403
1.03403
1.03403
1.03403
1.03403
1.03403
1.03403
1.03403
1.0347
1.0347
1.0347
1.0347
1.0347
1.0347
1.03537
1.03537
1.03537
1.03537
1.03537
1.03537
1.03537
1.03604
1.03604
1.03604
1.03604
1.03604
1.03604
1.03604
1.0367
1.0367
1.0367
1.0367
1.0367
1.0367
1.0367
1.0367
1.0367
1.03737
1.03737
1.03737
1.03737
1.03804
1.03804
1.03804
1.03804
1.03871
1.03871
1.03871
1.03871
1.03871
1.03871
1.03937
1.03937
1.03937
1.03937
1.03937
1.04004
1.04004
1.04004
1.04004
1.04004
1.04004
1.04071
1.04071
1.04071
1.04071
1.04071
1.04071
1.04137
1.04137
1.04137
1.04137
1.04137
1.04137
1.04137
1.04204
1.04204
1.04204
1.04204
1.04204
1.04204
1.04204
1.04204
1.04204
1.04204
1.04204
1.04204
1.04271
1.04271
1.04271
1.04338
1.04338
1.04338
1.04338
1.04338
1.04404
1.04404
1.04404
1.04404
1.04404
1.04404
1.04404
1.04404
1.04471
1.04471
1.04471
1.04538
1.04538
1.04605
1.04671
1.04671
1.04671
1.04671
1.04671
1.04738
1.04738
1.04738
1.04738
1.04738
1.04738
1.04805
1.04805
1.04872
1.04872
1.04872
1.04872
1.04872
1.04872
1.04872
1.04872
1.04938
1.04938
1.04938
1.04938
1.04938
1.04938
1.04938
1.05005
1.05005
1.05005
1.05005
1.05072
1.05072
1.05072
1.05072
1.05072
1.05072
1.05072
1.05072
1.05072
1.05138
1.05138
1.05138
1.05138
1.05138
1.05138
1.05138
1.05205
1.05205
1.05205
1.05205
1.05272
1.05272
1.05272
1.05272
1.05272
1.05339
1.05339
1.05339
1.05339
1.05339
1.05339
1.05339
1.05339
1.05405
1.05405
1.05405
1.05405
1.05405
1.05405
1.05405
1.05405
1.05472
1.05472
1.05472
1.05472
1.05472
1.05472
1.05539
1.05539
1.05539
1.05539
1.05539
1.05606
1.05606
1.05606
1.05672
1.05672
1.05672
1.05672
1.05672
1.05672
1.05672
1.05739
1.05739
1.05739
1.05739
1.05739
1.05739
1.05806
1.05806
1.05806
1.05806
1.05873
1.05873
1.05873
1.05873
1.05873
1.05873
1.05873
1.05873
1.05939
1.05939
1.05939
1.05939
1.06006
1.06006
1.06006
1.06006
1.06006
1.06073
1.06073
1.06073
1.06073
1.06073
1.06073
1.06073
1.06073
1.06073
1.06073
1.06073
1.06073
1.06139
1.06139
1.06139
1.06139
1.06139
1.06139
1.06206
1.06206
1.06206
1.06206
1.06206
1.06206
1.06206
1.06206
1.06206
1.06206
1.06206
1.06273
1.06273
1.06273
1.06273
1.06273
1.06273
1.0634
1.0634
1.0634
1.0634
1.0634
1.0634
1.06406
1.06406
1.06406
1.06406
1.06406
1.06406
1.06473
1.06473
1.06473
1.06473
1.06473
1.06473
1.06473
1.06473
1.06473
1.06473
1.0654
1.0654
1.0654
1.0654
1.0654
1.0654
1.0654
1.06607
1.06607
1.06607
1.06607
1.06673
1.06673
1.06673
1.06673
1.0674
1.0674
1.0674
1.0674
1.0674
1.06807
1.06807
1.06874
1.06874
1.06874
1.0694
1.0694
1.0694
1.0694
1.0694
1.0694
1.0694
1.07007
1.07007
1.07007
1.07007
1.07007
1.07074
1.07074
1.07074
1.07074
1.07074
1.07074
1.07074
1.07074
1.0714
1.0714
1.0714
1.0714
1.0714
1.0714
1.07207
1.07207
1.07207
1.07274
1.07274
1.07274
1.07274
1.07274
1.07341
1.07341
1.07341
1.07341
1.07341
1.07407
1.07407
1.07407
1.07407
1.07474
1.07474
1.07474
1.07474
1.07474
1.07541
1.07541
1.07541
1.07541
1.07541
1.07608
1.07608
1.07608
1.07608
1.07674
1.07674
1.07674
1.07674
1.07741
1.07741
1.07741
1.07741
1.07808
1.07808
1.07875
1.07875
1.07875
1.07875
1.07875
1.07941
1.07941
1.07941
1.07941
1.07941
1.08008
1.08008
1.08008
1.08008
1.08008
1.08008
1.08008
1.08008
1.08008
1.08075
1.08075
1.08075
1.08141
1.08141
1.08141
1.08141
1.08208
1.08208
1.08208
1.08208
1.08275
1.08275
1.08275
1.08275
1.08342
1.08342
1.08408
1.08408
1.08408
1.08408
1.08408
1.08408
1.08408
1.08408
1.08408
1.08475
1.08475
1.08542
1.08542
1.08542
1.08542
1.08542
1.08609
1.08609
1.08675
1.08675
1.08675
1.08742
1.08809
1.08809
1.08876
1.08876
1.08876
1.08876
1.08942
1.09009
1.09009
1.09076
1.09076
1.09076
1.09076
1.09076
1.09142
1.09142
1.09142
1.09142
1.09209
1.09209
1.09209
1.09209
1.09276
1.09343
1.09343
1.09343
1.09409
1.09409
1.09409
1.09476
1.09476
1.09543
1.09543
1.09543
1.0961
1.09676
1.09743
1.09743
1.09743
1.09743
1.09743
1.09743
1.09743
1.0981
1.09877
1.1001
1.10077
1.10077
1.1021
1.1021
1.10277
1.10277
1.10344
1.10344
1.10344
1.10344
1.10344
1.1041
1.10544
1.10544
1.10611
1.10611
1.10611
1.10677
1.10744
1.10744
1.10744
1.10744
1.10744
1.10744
1.10744
1.10811
1.10944
1.11011
1.11011
1.11078
1.11078
1.11078
1.11078
1.11078
1.11144
1.11144
1.11144
1.11211
1.11278
1.11278
1.11278
1.11278
1.11345
1.11411
1.11411
1.11478
1.11545
1.11612
1.11678
1.11678
1.11879
1.12079
1.12079
1.12145
1.12212
1.12346
1.12346
1.12412
1.12412
1.12479
1.12613
1.12613
1.12679
1.12679
1.12679
1.12679
1.12746
1.12813
1.12813
1.12813
1.12813
1.12946
1.12946
1.12946
1.12946
1.13013
1.1308
1.1328
1.13347
1.13413
1.1348
1.13547
1.13814
1.14147
1.14214
1.14414
1.14615
1.14615
1.14615
1.14681
1.14681
1.14681
1.15082
1.15215
1.15349
1.15415
1.15415
1.15549
1.15682
1.16283
1.1635
1.1655
1.16884
1.16884
1.17417
1.17618
1.17751
1.17885
1.18886
1.19953
1.20954
1.21622
1.31231
