0.632299
0.633634
0.634968
0.63697
0.638972
0.645646
0.653654
0.654988
0.655656
0.662996
0.662996
0.667
0.667668
0.668335
0.66967
0.670337
0.673674
0.674341
0.675008
0.675008
0.676343
0.677678
0.678345
0.67968
0.67968
0.681014
0.681014
0.681682
0.681682
0.681682
0.682349
0.682349
0.683016
0.683016
0.683684
0.684351
0.685686
0.688355
0.688355
0.68969
0.690357
0.692359
0.693026
0.693694
0.693694
0.693694
0.69703
0.698365
0.698365
0.698365
0.700367
0.701034
0.701702
0.702369
0.702369
0.702369
0.702369
0.703036
0.703036
0.703036
0.703704
0.704371
0.704371
0.705706
0.706373
0.70704
0.70704
0.707708
0.708375
0.709042
0.709042
0.70971
0.710377
0.710377
0.711712
0.712379
0.713046
0.713046
0.713046
0.713714
0.713714
0.714381
0.714381
0.716383
0.716383
0.716383
0.71705
0.71705
0.71705
0.718385
0.718385
0.719052
0.719052
0.720387
0.720387
0.721054
0.721054
0.721054
0.721054
0.723056
0.723056
0.723724
0.725058
0.725058
0.725058
0.725058
0.725726
0.726393
0.72706
0.72706
0.72706
0.727728
0.727728
0.727728
0.728395
0.728395
0.728395
0.729062
0.72973
0.72973
0.730397
0.730397
0.730397
0.731064
0.731732
0.731732
0.732399
0.732399
0.732399
0.733066
0.733066
0.733734
0.733734
0.733734
0.734401
0.734401
0.734401
0.734401
0.735068
0.735068
0.735736
0.735736
0.735736
0.736403
0.736403
0.73707
0.73707
0.73707
0.73707
0.737738
0.737738
0.737738
0.738405
0.738405
0.739072
0.739072
0.739072
0.73974
0.73974
0.73974
0.73974
0.73974
0.740407
0.740407
0.740407
0.741074
0.741074
0.741074
0.741742
0.741742
0.742409
0.742409
0.742409
0.742409
0.742409
0.743076
0.743076
0.743076
0.743744
0.743744
0.744411
0.744411
0.744411
0.744411
0.745078
0.745078
0.745078
0.745746
0.745746
0.746413
0.746413
0.74708
0.74708
0.74708
0.747748
0.747748
0.748415
0.749082
0.749082
0.74975
0.750417
0.752419
0.752419
0.752419
0.753086
0.753086
0.753086
0.753754
0.754421
0.754421
0.754421
0.754421
0.755088
0.755088
0.755088
0.755088
0.755756
0.755756
0.755756
0.755756
0.755756
0.75709
0.75709
0.75709
0.757758
0.757758
0.757758
0.757758
0.758425
0.759092
0.759092
0.759092
0.75976
0.75976
0.75976
0.760427
0.760427
0.760427
0.760427
0.760427
0.761094
0.761094
0.761762
0.761762
0.761762
0.761762
0.761762
0.761762
0.762429
0.762429
0.762429
0.762429
0.763096
0.763096
0.763096
0.763096
0.763096
0.763096
0.763096
0.763764
0.763764
0.764431
0.764431
0.764431
0.764431
0.764431
0.764431
0.765098
0.765766
0.765766
0.7671
0.7671
0.7671
0.7671
0.767768
0.767768
0.767768
0.767768
0.767768
0.768435
0.768435
0.768435
0.768435
0.769102
0.769102
0.76977
0.76977
0.770437
0.770437
0.770437
0.771104
0.771104
0.771104
0.771104
0.771104
0.771104
0.771772
0.771772
0.771772
0.771772
0.771772
0.772439
0.772439
0.772439
0.772439
0.772439
0.772439
0.772439
0.772439
0.772439
0.773106
0.773106
0.773106
0.773106
0.773774
0.773774
0.773774
0.773774
0.774441
0.774441
0.774441
0.774441
0.774441
0.774441
0.775108
0.775108
0.775108
0.775108
0.775108
0.775776
0.775776
0.775776
0.775776
0.775776
0.775776
0.776443
0.776443
0.77711
0.77711
0.777778
0.777778
0.777778
0.777778
0.778445
0.778445
0.778445
0.779112
0.779112
0.779112
0.779112
0.779112
0.779112
0.779112
0.77978
0.77978
0.77978
0.77978
0.77978
0.77978
0.780447
0.781114
0.781114
0.781114
0.781782
0.782449
0.782449
0.782449
0.782449
0.783116
0.783116
0.783116
0.783116
0.783784
0.783784
0.783784
0.783784
0.783784
0.783784
0.784451
0.784451
0.784451
0.784451
0.785118
0.785118
0.785118
0.785118
0.785118
0.785786
0.785786
0.785786
0.785786
0.786453
0.786453
0.786453
0.786453
0.78712
0.78712
0.78712
0.78712
0.787788
0.787788
0.787788
0.787788
0.787788
0.787788
0.787788
0.788455
0.788455
0.788455
0.788455
0.789122
0.789122
0.789122
0.789122
0.78979
0.78979
0.78979
0.78979
0.78979
0.791124
0.791124
0.791124
0.791124
0.791124
0.791124
0.791124
0.791792
0.791792
0.791792
0.791792
0.792459
0.792459
0.792459
0.792459
0.792459
0.792459
0.792459
0.793126
0.793126
0.793126
0.793794
0.793794
0.793794
0.793794
0.793794
0.794461
0.794461
0.794461
0.794461
0.794461
0.794461
0.795128
0.795128
0.795128
0.795128
0.795796
0.795796
0.795796
0.795796
0.795796
0.796463
0.796463
0.796463
0.796463
0.79713
0.79713
0.797798
0.797798
0.798465
0.798465
0.798465
0.799132
0.799132
0.799132
0.799132
0.799132
0.799132
0.799132
0.799132
0.7998
0.7998
0.7998
0.800467
0.800467
0.800467
0.800467
0.800467
0.800467
0.800467
0.800467
0.800467
0.800467
0.800467
0.800467
0.801134
0.801134
0.801134
0.801134
0.801134
0.801802
0.801802
0.801802
0.801802
0.801802
0.802469
0.802469
0.802469
0.802469
0.802469
0.803136
0.803136
0.803136
0.803136
0.803136
0.803136
0.803804
0.803804
0.803804
0.804471
0.804471
0.804471
0.804471
0.804471
0.804471
0.804471
0.804471
0.804471
0.805138
0.805138
0.805138
0.805138
0.805138
0.805806
0.805806
0.805806
0.805806
0.805806
0.805806
0.806473
0.806473
0.806473
0.80714
0.80714
0.80714
0.80714
0.80714
0.80714
0.80714
0.80714
0.80714
0.80714
0.80714
0.80714
0.807808
0.807808
0.807808
0.807808
0.808475
0.808475
0.808475
0.808475
0.808475
0.808475
0.808475
0.808475
0.809142
0.809142
0.809142
0.809142
0.80981
0.80981
0.80981
0.80981
0.80981
0.80981
0.80981
0.810477
0.810477
0.810477
0.811144
0.811144
0.811144
0.811144
0.811144
0.811812
0.811812
0.811812
0.811812
0.811812
0.811812
0.811812
0.812479
0.812479
0.812479
0.812479
0.812479
0.813146
0.813146
0.813146
0.813146
0.813814
0.813814
0.813814
0.813814
0.813814
0.814481
0.814481
0.814481
0.814481
0.814481
0.814481
0.815148
0.815148
0.815148
0.815148
0.815148
0.815816
0.815816
0.815816
0.815816
0.815816
0.816483
0.816483
0.816483
0.816483
0.81715
0.81715
0.81715
0.81715
0.81715
0.81715
0.817818
0.817818
0.817818
0.818485
0.818485
0.818485
0.818485
0.818485
0.818485
0.818485
0.818485
0.819152
0.819152
0.819152
0.819152
0.819152
0.81982
0.820487
0.820487
0.820487
0.820487
0.821154
0.821154
0.821154
0.821154
0.821154
0.821154
0.821154
0.821822
0.821822
0.821822
0.822489
0.822489
0.822489
0.823156
0.823156
0.823156
0.823156
0.823156
0.823156
0.823824
0.823824
0.823824
0.823824
0.823824
0.823824
0.823824
0.824491
0.824491
0.825158
0.825158
0.825158
0.825158
0.825826
0.825826
0.825826
0.825826
0.826493
0.826493
0.826493
0.826493
0.82716
0.82716
0.82716
0.82716
0.82716
0.82716
0.82716
0.82716
0.82716
0.82716
0.827828
0.827828
0.828495
0.828495
0.828495
0.828495
0.829162
0.829162
0.829162
0.829162
0.82983
0.82983
0.82983
0.82983
0.82983
0.82983
0.830497
0.830497
0.830497
0.830497
0.830497
0.831164
0.831164
0.831164
0.831832
0.831832
0.831832
0.831832
0.832499
0.832499
0.832499
0.832499
0.832499
0.833166
0.833166
0.833166
0.833166
0.833166
0.833834
0.833834
0.833834
0.833834
0.833834
0.833834
0.834501
0.834501
0.834501
0.834501
0.834501
0.834501
0.834501
0.834501
0.834501
0.834501
0.834501
0.834501
0.835169
0.835169
0.835169
0.835169
0.835169
0.835169
0.835169
0.835836
0.835836
0.835836
0.836503
0.836503
0.836503
0.837171
0.837171
0.837171
0.837838
0.837838
0.838505
0.838505
0.838505
0.838505
0.838505
0.839173
0.839173
0.839173
0.839173
0.839173
0.839173
0.839173
0.839173
0.839173
0.83984
0.83984
0.840507
0.840507
0.841175
0.841175
0.841175
0.841175
0.841842
0.841842
0.841842
0.841842
0.841842
0.841842
0.842509
0.842509
0.842509
0.842509
0.843177
0.843177
0.843177
0.843177
0.843177
0.843844
0.843844
0.843844
0.843844
0.843844
0.844511
0.844511
0.844511
0.844511
0.844511
0.845179
0.845179
0.845179
0.845179
0.845179
0.845179
0.845179
0.845846
0.845846
0.845846
0.845846
0.846513
0.846513
0.846513
0.846513
0.846513
0.846513
0.847181
0.847181
0.847181
0.847181
0.847181
0.847181
0.847848
0.847848
0.847848
0.847848
0.849183
0.849183
0.849183
0.84985
0.84985
0.84985
0.850517
0.850517
0.850517
0.851185
0.851185
0.851185
0.851185
0.851185
0.851852
0.851852
0.851852
0.851852
0.851852
0.851852
0.851852
0.851852
0.852519
0.852519
0.852519
0.853187
0.853187
0.853187
0.853854
0.853854
0.853854
0.853854
0.854521
0.854521
0.854521
0.854521
0.854521
0.854521
0.855189
0.855189
0.855856
0.855856
0.855856
0.855856
0.855856
0.855856
0.855856
0.856523
0.857191
0.857191
0.857191
0.857858
0.857858
0.857858
0.857858
0.858525
0.858525
0.858525
0.858525
0.859193
0.859193
0.859193
0.859193
0.859193
0.85986
0.85986
0.860527
0.861195
0.861195
0.861195
0.861862
0.861862
0.861862
0.861862
0.862529
0.862529
0.862529
0.862529
0.863197
0.863197
0.863197
0.863197
0.863864
0.863864
0.863864
0.863864
0.863864
0.864531
0.864531
0.864531
0.865199
0.865199
0.865199
0.865199
0.865866
0.865866
0.866533
0.866533
0.866533
0.866533
0.866533
0.867201
0.867201
0.867201
0.867201
0.867201
0.867201
0.867201
0.867201
0.867201
0.867868
0.867868
0.867868
0.867868
0.867868
0.868535
0.868535
0.868535
0.868535
0.869203
0.869203
0.86987
0.86987
0.86987
0.86987
0.870537
0.870537
0.870537
0.870537
0.870537
0.871205
0.871205
0.871205
0.871205
0.871872
0.871872
0.871872
0.871872
0.871872
0.871872
0.872539
0.872539
0.872539
0.872539
0.872539
0.873874
0.873874
0.873874
0.873874
0.874541
0.874541
0.874541
0.874541
0.874541
0.874541
0.874541
0.874541
0.875209
0.875876
0.875876
0.875876
0.875876
0.875876
0.875876
0.876543
0.876543
0.876543
0.876543
0.877211
0.877211
0.877878
0.877878
0.877878
0.877878
0.877878
0.877878
0.877878
0.877878
0.878545
0.878545
0.878545
0.879213
0.879213
0.87988
0.87988
0.87988
0.87988
0.880547
0.880547
0.881215
0.881215
0.881215
0.881215
0.881882
0.881882
0.881882
0.882549
0.882549
0.882549
0.882549
0.883217
0.883884
0.884551
0.885219
0.885219
0.885219
0.885219
0.885886
0.885886
0.885886
0.885886
0.885886
0.886553
0.886553
0.886553
0.886553
0.887221
0.887221
0.887221
0.887221
0.887221
0.887888
0.887888
0.887888
0.888555
0.888555
0.888555
0.888555
0.889223
0.889223
0.889223
0.889223
0.88989
0.88989
0.88989
0.891225
0.891225
0.891225
0.891892
0.891892
0.891892
0.891892
0.891892
0.892559
0.892559
0.892559
0.892559
0.893227
0.893227
0.893227
0.893227
0.893894
0.893894
0.893894
0.894561
0.894561
0.894561
0.894561
0.894561
0.894561
0.895229
0.895229
0.895229
0.895229
0.895896
0.895896
0.895896
0.895896
0.896563
0.896563
0.896563
0.896563
0.896563
0.897231
0.897231
0.897231
0.897231
0.897231
0.897231
0.897231
0.897231
0.897898
0.897898
0.898565
0.898565
0.898565
0.898565
0.898565
0.899233
0.899233
0.8999
0.8999
0.8999
0.8999
0.901235
0.901235
0.901235
0.901235
0.901235
0.901235
0.901902
0.901902
0.901902
0.901902
0.901902
0.901902
0.902569
0.902569
0.902569
0.902569
0.902569
0.903237
0.903237
0.903237
0.903904
0.903904
0.904571
0.904571
0.905239
0.905239
0.905239
0.905239
0.905906
0.906573
0.906573
0.907908
0.909243
0.909243
0.90991
0.90991
0.90991
0.90991
0.910577
0.911245
0.911245
0.911245
0.911245
0.911912
0.911912
0.911912
0.912579
0.912579
0.913247
0.913247
0.913914
0.913914
0.914581
0.914581
0.915249
0.915249
0.916583
0.916583
0.916583
0.916583
0.917251
0.917251
0.917251
0.917251
0.917251
0.917251
0.917251
0.917251
0.917251
0.917918
0.917918
0.918585
0.919253
0.919253
0.919253
0.919253
0.919253
0.91992
0.920587
0.920587
0.920587
0.920587
0.921255
0.921922
0.921922
0.922589
0.923257
0.923257
0.923257
0.923257
0.923924
0.923924
0.924591
0.924591
0.925259
0.925259
0.925259
0.925259
0.925259
0.925926
0.925926
0.925926
0.925926
0.926593
0.927261
0.927261
0.927261
0.927928
0.928595
0.928595
0.929263
0.929263
0.929263
0.92993
0.930597
0.930597
0.931265
0.931932
0.931932
0.931932
0.932599
0.932599
0.933267
0.933267
0.933934
0.933934
0.933934
0.933934
0.934601
0.934601
0.935269
0.935936
0.935936
0.935936
0.936603
0.937271
0.937938
0.937938
0.937938
0.937938
0.938605
0.938605
0.938605
0.938605
0.939273
0.939273
0.939273
0.93994
0.93994
0.941275
0.941275
0.941275
0.941275
0.941275
0.941275
0.941942
0.941942
0.941942
0.941942
0.941942
0.942609
0.942609
0.942609
0.942609
0.943277
0.943277
0.943277
0.943277
0.944611
0.944611
0.945279
0.945946
0.945946
0.945946
0.946613
0.946613
0.947948
0.947948
0.947948
0.949283
0.949283
0.949283
0.949283
0.94995
0.950617
0.950617
0.951952
0.951952
0.952619
0.952619
0.954621
0.954621
0.955956
0.956623
0.957291
0.957291
0.957291
0.957291
0.957291
0.957291
0.957958
0.957958
0.958625
0.958625
0.959293
0.959293
0.959293
0.959293
0.959293
0.959293
0.95996
0.960627
0.960627
0.961295
0.961295
0.961962
0.962629
0.963297
0.963297
0.963964
0.964631
0.965299
0.965299
0.965966
0.965966
0.965966
0.965966
0.967301
0.968635
0.969303
0.96997
0.96997
0.971305
0.971972
0.971972
0.971972
0.971972
0.972639
0.973307
0.973307
0.973307
0.973307
0.975309
0.976643
0.976643
0.977311
0.977311
0.978645
0.978645
0.979313
0.980647
0.980647
0.981315
0.981315
0.981315
0.982649
0.982649
0.982649
0.982649
0.982649
0.983317
0.983317
0.983984
0.984651
0.985319
0.985986
0.986653
0.986653
0.986653
0.987321
0.987321
0.987321
0.987988
0.988655
0.988655
0.989323
0.98999
0.990657
0.990657
0.990657
0.990657
0.990657
0.991325
0.991325
0.991992
0.991992
0.993327
0.993327
0.993994
0.993994
0.994661
0.995996
0.996663
0.997998
0.997998
0.998665
0.998665
0.999333
0.999333
0.999333
1
1
1
1.00067
1.00133
1.00133
1.00133
1.00267
1.00334
1.004
1.00667
1.00667
1.00734
1.00734
1.00801
1.00801
1.00868
1.00868
1.00868
1.00868
1.00868
1.00934
1.00934
1.01068
1.01134
1.01201
1.01268
1.01268
1.01268
1.01268
1.01335
1.01468
1.01468
1.01468
1.01535
1.01535
1.01602
1.01602
1.01668
1.01735
1.02069
1.02135
1.02135
1.02135
1.02135
1.02269
1.02269
1.02269
1.02336
1.02402
1.02469
1.02469
1.02469
1.02536
1.02736
1.02736
1.02736
1.0287
1.02936
1.03003
1.03203
1.03203
1.03203
1.0327
1.0327
1.03337
1.03337
1.03403
1.03403
1.03403
1.03537
1.03737
1.03871
1.03871
1.04004
1.04004
1.04004
1.04137
1.04137
1.04204
1.04271
1.04338
1.04404
1.04538
1.04671
1.04671
1.04738
1.04805
1.05005
1.05072
1.05138
1.05138
1.05339
1.05405
1.05472
1.05539
1.05806
1.05873
1.06006
1.06073
1.06073
1.0634
1.06406
1.06406
1.06406
1.06406
1.06473
1.0654
1.0654
1.06607
1.06673
1.0674
1.06807
1.0694
1.07074
1.0714
1.0714
1.07274
1.07274
1.07274
1.07407
1.07407
1.07407
1.07474
1.07541
1.07674
1.07808
1.07808
1.07808
1.07875
1.07941
1.08008
1.08008
1.08008
1.08075
1.08075
1.08275
1.08408
1.08475
1.08475
1.08675
1.08809
1.08809
1.08876
1.08876
1.09076
1.09142
1.09142
1.09142
1.09409
1.09476
1.09543
1.09676
1.09743
1.09743
1.0981
1.1001
1.1021
1.1021
1.10344
1.1041
1.10477
1.10677
1.10744
1.10744
1.10811
1.10878
1.10944
1.10944
1.10944
1.11011
1.11078
1.11078
1.11144
1.11278
1.11545
1.11545
1.11612
1.11678
1.11678
1.11678
1.11945
1.11945
1.11945
1.11945
1.12145
1.12145
1.12212
1.12279
1.12279
1.12412
1.12412
1.12479
1.12546
1.12613
1.12613
1.12746
1.13347
1.13413
1.1348
1.1368
1.13814
1.13881
1.14014
1.14281
1.14481
1.14615
1.14748
1.14815
1.14882
1.15015
1.15015
1.15282
1.15349
1.15549
1.15682
1.15816
1.15816
1.15949
1.15949
1.16083
1.16149
1.16283
1.16483
1.1695
1.17017
1.1715
1.1715
1.17284
1.17284
1.17484
1.17618
1.17818
1.17951
1.17951
1.18018
1.18218
1.18352
1.18485
1.18485
1.18685
1.18752
1.18819
1.18819
1.18819
1.18886
1.19019
1.19086
1.19219
1.19419
1.19553
1.1982
1.19953
1.19953
1.20153
1.20287
1.20287
1.20754
1.20888
1.20954
1.21154
1.21355
1.21555
1.22089
1.22155
1.22489
1.22689
1.22956
1.23023
1.2349
1.23624
1.2369
1.23891
1.24091
1.24157
1.24291
1.24291
1.24491
1.24558
1.24691
1.25225
1.25759
1.25826
1.25959
1.25959
1.26093
1.2656
1.26627
1.2696
1.27094
1.27227
1.27361
1.27427
1.27628
1.27828
1.27895
1.28228
1.28295
1.28495
1.28695
1.29029
1.29029
1.29096
1.29229
1.29696
1.2983
1.2983
1.29963
1.30097
1.30163
1.3043
1.3043
1.30697
1.30964
1.30964
1.31164
1.31231
1.31298
1.31698
1.31765
1.31832
1.31965
1.32633
1.32699
1.32766
1.329
1.32966
1.32966
1.331
1.331
1.33166
1.33433
1.337
1.34101
1.34568
1.34768
1.34835
1.34835
1.34835
1.35035
1.35102
1.35369
1.35369
1.35636
1.36436
1.36503
1.36637
1.37504
1.37638
1.37704
1.37771
1.37838
1.37905
1.38639
1.39306
1.39373
1.39573
1.39907
1.40307
1.40374
1.4044
1.40574
1.40774
1.40841
1.41041
1.41775
1.42442
1.4311
1.4311
1.4331
1.43977
1.44044
1.44311
1.44578
1.44711
1.45045
1.45579
1.45712
1.45712
1.45913
1.46313
1.46313
1.46647
1.46847
1.4698
1.47181
1.47247
1.47447
1.47648
1.47714
1.47781
1.48315
1.48448
1.49116
1.4965
1.49917
1.5005
1.5005
1.50117
1.5025
1.50317
1.50517
1.51852
1.51852
1.52586
1.52653
1.52719
1.5312
1.53187
1.54188
1.54655
1.55055
1.55522
1.56056
1.56323
1.5639
1.56657
1.56723
1.56924
1.57191
1.57391
1.58192
1.58792
1.59193
1.59526
1.59993
1.60661
1.61595
1.61995
1.62129
1.62262
1.62262
1.62596
1.62663
1.63597
1.63864
1.64198
1.64464
1.64798
1.64865
1.64865
1.65065
1.664
1.66867
1.67067
1.68535
1.69002
1.6967
1.69736
1.69803
1.7007
1.70404
1.7047
1.72406
1.74608
1.74741
1.76476
1.7701
1.77277
1.77411
1.77811
1.78345
1.79079
1.79546
1.81949
1.82282
1.82549
1.8315
1.84017
1.84218
1.85886
1.87087
1.88755
1.89156
1.89423
1.89556
1.8989
1.90424
1.93293
1.93694
1.94428
1.95229
1.96029
1.96563
1.96964
1.97364
1.97898
1.98432
1.98565
1.98899
1.98899
1.98966
1.997
1.997
2.00701
2.01702
2.02436
2.04972
2.05372
2.05439
2.08375
2.08509
2.0951
2.0991
2.12312
2.12513
2.14381
2.16583
2.17317
2.18719
2.21722
2.22656
2.23524
2.23657
2.23924
2.24791
2.25192
2.26927
2.26994
2.2706
2.27261
2.29663
2.31398
2.31665
2.31932
2.33667
2.34535
2.37471
2.38338
2.40007
2.40674
2.40874
2.41074
2.42342
2.43076
2.43677
2.46947
2.47814
2.52152
2.54021
2.56623
2.58959
2.61695
2.65899
2.67768
2.78712
2.81114
2.86854
2.92659
3.04137
3.16016
3.27828
3.43911
3.52052
3.83951
4.36603
